2.955369999999999777e+02 -0.000000000000000000e+00
2.963399999999999750e+02 -0.000000000000000000e+00
2.971440000000000055e+02 -0.000000000000000000e+00
2.979470000000000027e+02 -0.000000000000000000e+00
2.987500000000000000e+02 0.000000000000000000e+00
2.995529999999999973e+02 0.000000000000000000e+00
3.003559999999999945e+02 0.000000000000000000e+00
3.011589999999999918e+02 0.000000000000000000e+00
3.019610000000000127e+02 0.000000000000000000e+00
3.027640000000000100e+02 0.000000000000000000e+00
3.035670000000000073e+02 0.000000000000000000e+00
3.043690000000000282e+02 0.000000000000000000e+00
3.051720000000000255e+02 0.000000000000000000e+00
3.059739999999999895e+02 0.000000000000000000e+00
3.067760000000000105e+02 0.000000000000000000e+00
3.075779999999999745e+02 0.000000000000000000e+00
3.083809999999999718e+02 0.000000000000000000e+00
3.091829999999999927e+02 0.000000000000000000e+00
3.099850000000000136e+02 0.000000000000000000e+00
3.107869999999999777e+02 0.000000000000000000e+00
3.115880000000000223e+02 0.000000000000000000e+00
3.123899999999999864e+02 0.000000000000000000e+00
3.131920000000000073e+02 0.000000000000000000e+00
3.139929999999999950e+02 0.000000000000000000e+00
3.147950000000000159e+02 0.000000000000000000e+00
3.155960000000000036e+02 0.000000000000000000e+00
3.163969999999999914e+02 0.000000000000000000e+00
3.171990000000000123e+02 0.000000000000000000e+00
3.180000000000000000e+02 0.000000000000000000e+00
3.188009999999999877e+02 0.000000000000000000e+00
3.196019999999999754e+02 0.000000000000000000e+00
3.204030000000000200e+02 0.000000000000000000e+00
3.212040000000000077e+02 0.000000000000000000e+00
3.220049999999999955e+02 0.000000000000000000e+00
3.228050000000000068e+02 0.000000000000000000e+00
3.236059999999999945e+02 0.000000000000000000e+00
3.244060000000000059e+02 0.000000000000000000e+00
3.252069999999999936e+02 0.000000000000000000e+00
3.260070000000000050e+02 0.000000000000000000e+00
3.268079999999999927e+02 0.000000000000000000e+00
3.276080000000000041e+02 0.000000000000000000e+00
3.284080000000000155e+02 0.000000000000000000e+00
3.292080000000000268e+02 0.000000000000000000e+00
3.300079999999999814e+02 0.000000000000000000e+00
3.308079999999999927e+02 0.000000000000000000e+00
3.316080000000000041e+02 0.000000000000000000e+00
3.324069999999999823e+02 0.000000000000000000e+00
3.332069999999999936e+02 0.000000000000000000e+00
3.340070000000000050e+02 0.000000000000000000e+00
3.348059999999999832e+02 0.000000000000000000e+00
3.356059999999999945e+02 0.000000000000000000e+00
3.364049999999999727e+02 0.000000000000000000e+00
3.372040000000000077e+02 0.000000000000000000e+00
3.380029999999999859e+02 0.000000000000000000e+00
3.388029999999999973e+02 0.000000000000000000e+00
3.396019999999999754e+02 0.000000000000000000e+00
3.404010000000000105e+02 0.000000000000000000e+00
3.411990000000000123e+02 0.000000000000000000e+00
3.419979999999999905e+02 0.000000000000000000e+00
3.427970000000000255e+02 0.000000000000000000e+00
3.435960000000000036e+02 0.000000000000000000e+00
3.443940000000000055e+02 0.000000000000000000e+00
3.451929999999999836e+02 0.000000000000000000e+00
3.459909999999999854e+02 0.000000000000000000e+00
3.467889999999999873e+02 0.000000000000000000e+00
3.475880000000000223e+02 0.000000000000000000e+00
3.483860000000000241e+02 0.000000000000000000e+00
3.491840000000000259e+02 0.000000000000000000e+00
3.499820000000000277e+02 0.000000000000000000e+00
3.507799999999999727e+02 1.010670963086280618e-03
3.515779999999999745e+02 1.034837525376526828e-03
3.523750000000000000e+02 1.056041638362555275e-03
3.531730000000000018e+02 1.081408158232303410e-03
3.539710000000000036e+02 1.099941494029262057e-03
3.547679999999999723e+02 1.129398016727885994e-03
3.555659999999999741e+02 1.143996529307447904e-03
3.563629999999999995e+02 1.153211341428823488e-03
3.571600000000000250e+02 1.194743876087810000e-03
3.579569999999999936e+02 1.183356390941961520e-03
3.587549999999999955e+02 1.200961514079132084e-03
3.595520000000000209e+02 1.224744766765252686e-03
3.603489999999999895e+02 1.237745070718184294e-03
3.611449999999999818e+02 1.272641698782510291e-03
3.619420000000000073e+02 1.294199952788596501e-03
3.627389999999999759e+02 1.319324102019639022e-03
3.635360000000000014e+02 1.346170444454183792e-03
3.643319999999999936e+02 1.364842944038672980e-03
3.651290000000000191e+02 1.386152511701287983e-03
3.659250000000000114e+02 1.392728095360556452e-03
3.667210000000000036e+02 1.408918558898745316e-03
3.675179999999999723e+02 1.419563437592253653e-03
3.683140000000000214e+02 1.424103639605903745e-03
3.691100000000000136e+02 1.427014629829924863e-03
3.699060000000000059e+02 1.435916250171249140e-03
3.707019999999999982e+02 1.450547810717425648e-03
3.714979999999999905e+02 1.449524650914741156e-03
3.722939999999999827e+02 1.472897283478290242e-03
3.730889999999999986e+02 1.486441410330961287e-03
3.738849999999999909e+02 1.490612331490410742e-03
3.746800000000000068e+02 1.500923528370424380e-03
3.754759999999999991e+02 1.508280007469153198e-03
3.762710000000000150e+02 1.509899479932325962e-03
3.770670000000000073e+02 1.510576313272503010e-03
3.778620000000000232e+02 1.513346722511276768e-03
3.786569999999999823e+02 1.513713868056377077e-03
3.794519999999999982e+02 1.514933437019326968e-03
3.802470000000000141e+02 1.501663010765627408e-03
3.810419999999999732e+02 1.512479933382201340e-03
3.818369999999999891e+02 1.502748315334120942e-03
3.826309999999999718e+02 1.517159232657963337e-03
3.834259999999999877e+02 1.518052760594843604e-03
3.842210000000000036e+02 1.517233612071870394e-03
3.850149999999999864e+02 1.501211967716345333e-03
3.858100000000000023e+02 1.489141547584556724e-03
3.866039999999999850e+02 1.500747118902288381e-03
3.873980000000000246e+02 1.507066316127996007e-03
3.881920000000000073e+02 1.503659136017694792e-03
3.889870000000000232e+02 1.488358313062460676e-03
3.897810000000000059e+02 1.488555641545413711e-03
3.905749999999999886e+02 1.475829332798240254e-03
3.913679999999999950e+02 1.466114954141421386e-03
3.921619999999999777e+02 1.460744269789293701e-03
3.929560000000000173e+02 1.455273042372303132e-03
3.937500000000000000e+02 1.454462878118377824e-03
3.945430000000000064e+02 1.448662693148587439e-03
3.953369999999999891e+02 1.439673914661897041e-03
3.961299999999999955e+02 1.430054811232271510e-03
3.969230000000000018e+02 1.429418909498289406e-03
3.977160000000000082e+02 1.415205338733307354e-03
3.985099999999999909e+02 1.404546949546241555e-03
3.993029999999999973e+02 1.390212547279520792e-03
4.000960000000000036e+02 1.379369365154191037e-03
4.008890000000000100e+02 1.381879213778231582e-03
4.016809999999999832e+02 1.373310708888446840e-03
4.024739999999999895e+02 1.368094092944596501e-03
4.032669999999999959e+02 1.362077839213584858e-03
4.040600000000000023e+02 1.348703796886868700e-03
4.048519999999999754e+02 1.340561224192346424e-03
4.056440000000000055e+02 1.334793053319094282e-03
4.064370000000000118e+02 1.324835627407661967e-03
4.072289999999999850e+02 1.316399187630200220e-03
4.080210000000000150e+02 1.310569597274675825e-03
4.088129999999999882e+02 1.293911171920687124e-03
4.096059999999999945e+02 1.285756387761446094e-03
4.103969999999999914e+02 1.281787649843330566e-03
4.111890000000000214e+02 1.265205955946398578e-03
4.119809999999999945e+02 1.259161331051863184e-03
4.127730000000000246e+02 1.255271676777478538e-03
4.135649999999999977e+02 1.238998092920317977e-03
4.143559999999999945e+02 1.231428492658881478e-03
4.151480000000000246e+02 1.221089241017187833e-03
4.159390000000000214e+02 1.209447134585954790e-03
4.167300000000000182e+02 1.201516270251484731e-03
4.175219999999999914e+02 1.193373273180634540e-03
4.183129999999999882e+02 1.181198667474621421e-03
4.191039999999999850e+02 1.171035748235840649e-03
4.198949999999999818e+02 1.161096917657709719e-03
4.206859999999999786e+02 1.156287269751794019e-03
4.214769999999999754e+02 1.150665698362050415e-03
4.222669999999999959e+02 1.151319139792295835e-03
4.230579999999999927e+02 1.142520297955917051e-03
4.238489999999999895e+02 1.131932662632582041e-03
4.246390000000000100e+02 1.123560127572081381e-03
4.254300000000000068e+02 1.122928253980188260e-03
4.262200000000000273e+02 1.119090380571139375e-03
4.270099999999999909e+02 1.105949188433781550e-03
4.278009999999999877e+02 1.103296957885156315e-03
4.285910000000000082e+02 1.097508108542152340e-03
4.293809999999999718e+02 1.083175093368030561e-03
4.301709999999999923e+02 1.073712835957370054e-03
4.309610000000000127e+02 1.070036503058820632e-03
4.317509999999999764e+02 1.065782169313244558e-03
4.325400000000000205e+02 1.056182363503057210e-03
4.333299999999999841e+02 1.045229659931274291e-03
4.341200000000000045e+02 1.039816457997679543e-03
4.349089999999999918e+02 1.036205737929567390e-03
4.356979999999999791e+02 1.026522546158949644e-03
4.364879999999999995e+02 1.021385803821089856e-03
4.372769999999999868e+02 1.012310779741866333e-03
4.380659999999999741e+02 1.003362587778719624e-03
4.388550000000000182e+02 9.951481117528812072e-04
4.396440000000000055e+02 9.879979599020348186e-04
4.404329999999999927e+02 9.818322311224779008e-04
4.412219999999999800e+02 9.743278870345914878e-04
4.420110000000000241e+02 9.695974332324171652e-04
4.428000000000000114e+02 9.664048552007946467e-04
4.435880000000000223e+02 9.616686557299856594e-04
4.443770000000000095e+02 9.559504912664202377e-04
4.451650000000000205e+02 9.464747717058114409e-04
4.459540000000000077e+02 9.402545201340570952e-04
4.467420000000000186e+02 9.360735512351079550e-04
4.475299999999999727e+02 9.311455235335796372e-04
4.483179999999999836e+02 9.238258631255524475e-04
4.491059999999999945e+02 9.165329151618744090e-04
4.498940000000000055e+02 9.116505613740603703e-04
4.506820000000000164e+02 9.044037463330845475e-04
4.514700000000000273e+02 8.966653172363911765e-04
4.522579999999999814e+02 8.928343845028440711e-04
4.530459999999999923e+02 8.840427367428274749e-04
4.538330000000000268e+02 8.787365092366985694e-04
4.546209999999999809e+02 8.727786257793433266e-04
4.554080000000000155e+02 8.642220580944218449e-04
4.561960000000000264e+02 8.582060944839592061e-04
4.569830000000000041e+02 8.540928947973978327e-04
4.577699999999999818e+02 8.458457841340243305e-04
4.585570000000000164e+02 8.410401710906990468e-04
4.593439999999999941e+02 8.339886051510513650e-04
4.601309999999999718e+02 8.290324598599033579e-04
4.609180000000000064e+02 8.246315007249418018e-04
4.617049999999999841e+02 8.211614271890035118e-04
4.624920000000000186e+02 8.126871889733255742e-04
4.632780000000000200e+02 8.107772763037011032e-04
4.640649999999999977e+02 8.071235668628126345e-04
4.648509999999999991e+02 8.030646099147686814e-04
4.656379999999999768e+02 7.979606158004664022e-04
4.664239999999999782e+02 7.920991738005494663e-04
4.672099999999999795e+02 7.892200671587418746e-04
4.679959999999999809e+02 7.846736390375035237e-04
4.687819999999999823e+02 7.811559495367009602e-04
4.695679999999999836e+02 7.758300548078423233e-04
4.703539999999999850e+02 7.713657126281230547e-04
4.711399999999999864e+02 7.667327464456630964e-04
4.719259999999999877e+02 7.625293599000811627e-04
4.727119999999999891e+02 7.589866681948696748e-04
4.734970000000000141e+02 7.555030269879807860e-04
4.742830000000000155e+02 7.498082921601310772e-04
4.750679999999999836e+02 7.442953717471569985e-04
4.758539999999999850e+02 7.392506797972746768e-04
4.766390000000000100e+02 7.352581623346436928e-04
4.774239999999999782e+02 7.318276362062545604e-04
4.782090000000000032e+02 7.262161068870274551e-04
4.789940000000000282e+02 7.211044432504888028e-04
4.797789999999999964e+02 7.181379127596700237e-04
4.805640000000000214e+02 7.141903852107332838e-04
4.813489999999999895e+02 7.113384817687762925e-04
4.821340000000000146e+02 7.073329070442709336e-04
4.829180000000000064e+02 7.040940922663798101e-04
4.837029999999999745e+02 7.019497981273956598e-04
4.844870000000000232e+02 6.969234618038466908e-04
4.852719999999999914e+02 6.937222600467071731e-04
4.860559999999999832e+02 6.900148311509625865e-04
4.868399999999999750e+02 6.863946434022884799e-04
4.876250000000000000e+02 6.812229151272363500e-04
4.884089999999999918e+02 6.794861409977747410e-04
4.891929999999999836e+02 6.748310539635635208e-04
4.899769999999999754e+02 6.716771806861187091e-04
4.907610000000000241e+02 6.681888807303381674e-04
4.915439999999999827e+02 6.638055158479925274e-04
4.923279999999999745e+02 6.612416107302629322e-04
4.931120000000000232e+02 6.588537357430410786e-04
4.938949999999999818e+02 6.546323014671803645e-04
4.946789999999999736e+02 6.513239687055587864e-04
4.954619999999999891e+02 6.463144128028598667e-04
4.962450000000000045e+02 6.424074778655334975e-04
4.970289999999999964e+02 6.409070696682085070e-04
4.978120000000000118e+02 6.372105880938945793e-04
4.985950000000000273e+02 6.335823957118454997e-04
4.993779999999999859e+02 6.286727898680459026e-04
5.001610000000000014e+02 6.253280769158741422e-04
5.009429999999999836e+02 6.236737428792341921e-04
5.017259999999999991e+02 6.224377846925215627e-04
5.025090000000000146e+02 6.190113305158125674e-04
5.032909999999999968e+02 6.168260085952226301e-04
5.040740000000000123e+02 6.139235592402710051e-04
5.048559999999999945e+02 6.113081301634437940e-04
5.056390000000000100e+02 6.091600551597664863e-04
5.064209999999999923e+02 6.077738045331920573e-04
5.072029999999999745e+02 6.058952720957945298e-04
5.079850000000000136e+02 6.044179132618155608e-04
5.087669999999999959e+02 6.011561697676266487e-04
5.095489999999999782e+02 5.994592750136404358e-04
5.103310000000000173e+02 5.978223275409470794e-04
5.111129999999999995e+02 5.941984559254497294e-04
5.118949999999999818e+02 5.925944432396973308e-04
5.126760000000000446e+02 5.905342275869311609e-04
5.134579999999999700e+02 5.878423253074466573e-04
5.142390000000000327e+02 5.862437056635796170e-04
5.150209999999999582e+02 5.830429536282739824e-04
5.158020000000000209e+02 5.804636689657148834e-04
5.165829999999999700e+02 5.775669511801156345e-04
5.173640000000000327e+02 5.754589958533457960e-04
5.181449999999999818e+02 5.724228046183330639e-04
5.189260000000000446e+02 5.693940817846846868e-04
5.197069999999999936e+02 5.655513852624405140e-04
5.204880000000000564e+02 5.629556914721152092e-04
5.212690000000000055e+02 5.598595478223531352e-04
5.220499999999999545e+02 5.562914400780671854e-04
5.228300000000000409e+02 5.534239833676886464e-04
5.236109999999999900e+02 5.499277461915593563e-04
5.243909999999999627e+02 5.476078796112029707e-04
5.251720000000000255e+02 5.446593412029753422e-04
5.259519999999999982e+02 5.423172235206560367e-04
5.267319999999999709e+02 5.405458828787942926e-04
5.275119999999999436e+02 5.388692005138227565e-04
5.282920000000000300e+02 5.367721730755669295e-04
5.290720000000000027e+02 5.351598634380509874e-04
5.298519999999999754e+02 5.331647870000457866e-04
5.306319999999999482e+02 5.324524185183664377e-04
5.314109999999999445e+02 5.299795278931176490e-04
5.321910000000000309e+02 5.282433245508499171e-04
5.329710000000000036e+02 5.261224705369561480e-04
5.337500000000000000e+02 5.239000379091531337e-04
5.345299999999999727e+02 5.217892117963455860e-04
5.353089999999999691e+02 5.203395300753230245e-04
5.360879999999999654e+02 5.186405693319589725e-04
5.368669999999999618e+02 5.158926013703124883e-04
5.376459999999999582e+02 5.144548143091682907e-04
5.384249999999999545e+02 5.128298608041326374e-04
5.392039999999999509e+02 5.107283782715617585e-04
5.399829999999999472e+02 5.096157549251653955e-04
5.407619999999999436e+02 5.069012240687463360e-04
5.415410000000000537e+02 5.059761026766109154e-04
5.423189999999999600e+02 5.037533364348247824e-04
5.430979999999999563e+02 5.024347204452977739e-04
5.438759999999999764e+02 5.001473491377583574e-04
5.446549999999999727e+02 4.986204397437677327e-04
5.454329999999999927e+02 4.972915676178038535e-04
5.462110000000000127e+02 4.951910285123188853e-04
5.469890000000000327e+02 4.931552203679889432e-04
5.477670000000000528e+02 4.914418098708339287e-04
5.485449999999999591e+02 4.897370666912709584e-04
5.493229999999999791e+02 4.881090864827084441e-04
5.501009999999999991e+02 4.869118029067874705e-04
5.508790000000000191e+02 4.857171150033969811e-04
5.516559999999999491e+02 4.835884134942309534e-04
5.524339999999999691e+02 4.828884264406607262e-04
5.532110000000000127e+02 4.815818694462435938e-04
5.539890000000000327e+02 4.798703524028543189e-04
5.547659999999999627e+02 4.787678192435591731e-04
5.555430000000000064e+02 4.775584073388266203e-04
5.563200000000000500e+02 4.753224563169347865e-04
5.570979999999999563e+02 4.743688624264130217e-04
5.578750000000000000e+02 4.728110947849672118e-04
5.586520000000000437e+02 4.716926423201458119e-04
5.594279999999999973e+02 4.703729489673313534e-04
5.602050000000000409e+02 4.688371052904664470e-04
5.609819999999999709e+02 4.678294164061847166e-04
5.617580000000000382e+02 4.662644299529336957e-04
5.625349999999999682e+02 4.649355140147483877e-04
5.633110000000000355e+02 4.635081774772643382e-04
5.640879999999999654e+02 4.623356434374469026e-04
5.648640000000000327e+02 4.612607180979326374e-04
5.656399999999999864e+02 4.598253933219427470e-04
5.664160000000000537e+02 4.588524065206276976e-04
5.671929999999999836e+02 4.568953147879022559e-04
5.679690000000000509e+02 4.560704917752391179e-04
5.687440000000000282e+02 4.550253737949603856e-04
5.695199999999999818e+02 4.533971232857966879e-04
5.702960000000000491e+02 4.519811163235102941e-04
5.710720000000000027e+02 4.511645453761264674e-04
5.718469999999999800e+02 4.496132039132286619e-04
5.726230000000000473e+02 4.481571823561447503e-04
5.733980000000000246e+02 4.474353796984629800e-04
5.741730000000000018e+02 4.460728785340381552e-04
5.749489999999999554e+02 4.449809221370274750e-04
5.757240000000000464e+02 4.441918442010605412e-04
5.764990000000000236e+02 4.428986338082745817e-04
5.772740000000000009e+02 4.417759094963002032e-04
5.780489999999999782e+02 4.411874841304984970e-04
5.788239999999999554e+02 4.396173080955338426e-04
5.795990000000000464e+02 4.387171712470170357e-04
5.803730000000000473e+02 4.374755348627877355e-04
5.811480000000000246e+02 4.369131720310344739e-04
5.819220000000000255e+02 4.355485202931487455e-04
5.826970000000000027e+02 4.343764268070526889e-04
5.834710000000000036e+02 4.335728844724479340e-04
5.842459999999999809e+02 4.327357425129244191e-04
5.850199999999999818e+02 4.316849663028980992e-04
5.857939999999999827e+02 4.306554065250046341e-04
5.865679999999999836e+02 4.296562503587056576e-04
5.873419999999999845e+02 4.290981882377270995e-04
5.881159999999999854e+02 4.280211823416044895e-04
5.888899999999999864e+02 4.268374360189301146e-04
5.896639999999999873e+02 4.262584982224878398e-04
5.904370000000000118e+02 4.252710381173011598e-04
5.912110000000000127e+02 4.248901933784000775e-04
5.919840000000000373e+02 4.241848295350705476e-04
5.927580000000000382e+02 4.234058343753563662e-04
5.935309999999999491e+02 4.223611231836240580e-04
5.943039999999999736e+02 4.214471474306487764e-04
5.950779999999999745e+02 4.207336449890711162e-04
5.958509999999999991e+02 4.199075337502692056e-04
5.966240000000000236e+02 4.188518411556629503e-04
5.973970000000000482e+02 4.178083315222763552e-04
5.981689999999999827e+02 4.169095917423324099e-04
5.989420000000000073e+02 4.160490537711761380e-04
5.997150000000000318e+02 4.154198324557036959e-04
6.004880000000000564e+02 4.144971517634889820e-04
6.012599999999999909e+02 4.135899910138534589e-04
6.020330000000000155e+02 4.130768206144946105e-04
6.028049999999999500e+02 4.122058880710209789e-04
6.035769999999999982e+02 4.113592887987264999e-04
6.043500000000000227e+02 4.108282948979499901e-04
6.051219999999999573e+02 4.101408989468924293e-04
6.058940000000000055e+02 4.096072788030180362e-04
6.066660000000000537e+02 4.090325284798550210e-04
6.074379999999999882e+02 4.084879221979119141e-04
6.082100000000000364e+02 4.086562186323814847e-04
6.089809999999999945e+02 4.077027934850918894e-04
6.097530000000000427e+02 4.078283679175259257e-04
6.105249999999999773e+02 4.064733572133686084e-04
6.112960000000000491e+02 4.057457347891501513e-04
6.120670000000000073e+02 4.052504546164338649e-04
6.128390000000000555e+02 4.046430859621053758e-04
6.136100000000000136e+02 4.037542323973350835e-04
6.143809999999999718e+02 4.032318263804227391e-04
6.151520000000000437e+02 4.024496513322110749e-04
6.159230000000000018e+02 4.015457685525905518e-04
6.166939999999999600e+02 4.002544093310250826e-04
6.174650000000000318e+02 3.995858916060844178e-04
6.182359999999999900e+02 3.988577397315230181e-04
6.190069999999999482e+02 3.979014337632535980e-04
6.197770000000000437e+02 3.969996728763104817e-04
6.205480000000000018e+02 3.962148683656930301e-04
6.213179999999999836e+02 3.952912443317677972e-04
6.220890000000000555e+02 3.940486166580978275e-04
6.228590000000000373e+02 3.930614503483269859e-04
6.236290000000000191e+02 3.919031569477858003e-04
6.243999999999999773e+02 3.910448969260403888e-04
6.251699999999999591e+02 3.898800523646396435e-04
6.259400000000000546e+02 3.888848310456649408e-04
6.267100000000000364e+02 3.880171606977982166e-04
6.274790000000000418e+02 3.873341524334020301e-04
6.282490000000000236e+02 3.866679327175686427e-04
6.290190000000000055e+02 3.858398661693376061e-04
6.297880000000000109e+02 3.850610994499119744e-04
6.305579999999999927e+02 3.842502573194058976e-04
6.313269999999999982e+02 3.837578232413775526e-04
6.320969999999999800e+02 3.831092086910783826e-04
6.328659999999999854e+02 3.824390906642105570e-04
6.336349999999999909e+02 3.818122239752379699e-04
6.344039999999999964e+02 3.814092993927242423e-04
6.351730000000000018e+02 3.807768320332677379e-04
6.359420000000000073e+02 3.804930126836241475e-04
6.367110000000000127e+02 3.797910652172298198e-04
6.374800000000000182e+02 3.791753297709570024e-04
6.382490000000000236e+02 3.786677255075383353e-04
6.390170000000000528e+02 3.783298786726514598e-04
6.397859999999999445e+02 3.780483804745634452e-04
6.405549999999999500e+02 3.774654330368961146e-04
6.413229999999999791e+02 3.769415461992188239e-04
6.420910000000000082e+02 3.763999650278086122e-04
6.428590000000000373e+02 3.756990401605140835e-04
6.436280000000000427e+02 3.758079404997954768e-04
6.443959999999999582e+02 3.753513098713962882e-04
6.451639999999999873e+02 3.750336565736663518e-04
6.459320000000000164e+02 3.750177133681745949e-04
6.467000000000000455e+02 3.742344185858347038e-04
6.474669999999999845e+02 3.738457361819578790e-04
6.482350000000000136e+02 3.736104140228943874e-04
6.490030000000000427e+02 3.731308062311156689e-04
6.497699999999999818e+02 3.725631180526548544e-04
6.505380000000000109e+02 3.723819449309261195e-04
6.513049999999999500e+02 3.718022151485524725e-04
6.520720000000000027e+02 3.713625439089818995e-04
6.528390000000000555e+02 3.707896825169431396e-04
6.536069999999999709e+02 3.702023767180812400e-04
6.543740000000000236e+02 3.698062887362470186e-04
6.551409999999999627e+02 3.692777574680118657e-04
6.559070000000000391e+02 3.688168442815142759e-04
6.566739999999999782e+02 3.682527227503966513e-04
6.574410000000000309e+02 3.679710099809869886e-04
6.582079999999999700e+02 3.671048365484823285e-04
6.589740000000000464e+02 3.671659832831340861e-04
6.597409999999999854e+02 3.665867116392159970e-04
6.605069999999999482e+02 3.660012334116809554e-04
6.612730000000000246e+02 3.656862049021747038e-04
6.620399999999999636e+02 3.654038543048288490e-04
6.628060000000000400e+02 3.647497382763713390e-04
6.635720000000000027e+02 3.643104602150120546e-04
6.643379999999999654e+02 3.637992191387851254e-04
6.651040000000000418e+02 3.633605276719985072e-04
6.658700000000000045e+02 3.630362304979155253e-04
6.666359999999999673e+02 3.626925202155631346e-04
6.674009999999999536e+02 3.625017768163645883e-04
6.681670000000000300e+02 3.622635131008761157e-04
6.689320000000000164e+02 3.616848976188833309e-04
6.696979999999999791e+02 3.613988096669251107e-04
6.704629999999999654e+02 3.611413845341916967e-04
6.712279999999999518e+02 3.607689787716958254e-04
6.719940000000000282e+02 3.602995206070240845e-04
6.727590000000000146e+02 3.599826494763383347e-04
6.735240000000000009e+02 3.596683201880586833e-04
6.742889999999999873e+02 3.596093918587469945e-04
6.750539999999999736e+02 3.593065843169051827e-04
6.758189999999999600e+02 3.589274609306648801e-04
6.765829999999999700e+02 3.588702867078963138e-04
6.773479999999999563e+02 3.583903419750105270e-04
6.781119999999999663e+02 3.585806537887131621e-04
6.788769999999999527e+02 3.579996744486479304e-04
6.796409999999999627e+02 3.577972681452762501e-04
6.804059999999999491e+02 3.577271727426121649e-04
6.811699999999999591e+02 3.573569895412922483e-04
6.819339999999999691e+02 3.575146006757889679e-04
6.826979999999999791e+02 3.571578014282453641e-04
6.834619999999999891e+02 3.567481642791556478e-04
6.842259999999999991e+02 3.570108658674313556e-04
6.849900000000000091e+02 3.568529638084274409e-04
6.857540000000000191e+02 3.567897105064220232e-04
6.865180000000000291e+02 3.568060762001725676e-04
6.872809999999999491e+02 3.567884559065533133e-04
6.880449999999999591e+02 3.565662305954572266e-04
6.888079999999999927e+02 3.561373548144885224e-04
6.895720000000000027e+02 3.560265851601647990e-04
6.903350000000000364e+02 3.557817020444996835e-04
6.910979999999999563e+02 3.557537959841775986e-04
6.918609999999999900e+02 3.554400344567510903e-04
6.926240000000000236e+02 3.553395483741323790e-04
6.933869999999999436e+02 3.550451792084303895e-04
6.941499999999999773e+02 3.550465343578152952e-04
6.949130000000000109e+02 3.550517726594351847e-04
6.956760000000000446e+02 3.551388228706515689e-04
6.964379999999999882e+02 3.550048529808855408e-04
6.972010000000000218e+02 3.547768054621286415e-04
6.979629999999999654e+02 3.546092003880876127e-04
6.987259999999999991e+02 3.546650091293264656e-04
6.994880000000000564e+02 3.549610908137029036e-04
7.002500000000000000e+02 3.547006009432468812e-04
7.010130000000000337e+02 3.544832056878195335e-04
7.017749999999999773e+02 3.546464574277214256e-04
7.025370000000000346e+02 3.544357329405774834e-04
7.032989999999999782e+02 3.544468516390094910e-04
7.040610000000000355e+02 3.544407803357525321e-04
7.048220000000000027e+02 3.542083792252502224e-04
7.055839999999999463e+02 3.543208333971666350e-04
7.063460000000000036e+02 3.541738755417258157e-04
7.071069999999999709e+02 3.542489410274039362e-04
7.078690000000000282e+02 3.542277620799461134e-04
7.086299999999999955e+02 3.542619039189343609e-04
7.093909999999999627e+02 3.538639480497587030e-04
7.101530000000000200e+02 3.542770396581213063e-04
7.109139999999999873e+02 3.543573443275354197e-04
7.116749999999999545e+02 3.540714204402399881e-04
7.124360000000000355e+02 3.541863292365031728e-04
7.131970000000000027e+02 3.542339346568325288e-04
7.139569999999999936e+02 3.545970437213947840e-04
7.147179999999999609e+02 3.548015834488070291e-04
7.154790000000000418e+02 3.548425866596065974e-04
7.162390000000000327e+02 3.553177014707414243e-04
7.170000000000000000e+02 3.559195448541553966e-04
7.177599999999999909e+02 3.563651786168527342e-04
7.185209999999999582e+02 3.572681025481269949e-04
7.192809999999999491e+02 3.582959050753416154e-04
7.200410000000000537e+02 3.595108308907838074e-04
7.208010000000000446e+02 3.605942674363732284e-04
7.215610000000000355e+02 3.613412484641776671e-04
7.223210000000000264e+02 3.624774158109497378e-04
7.230810000000000173e+02 3.633035159385661090e-04
7.238410000000000082e+02 3.639013744840461739e-04
7.246009999999999991e+02 3.641223372163976358e-04
7.253600000000000136e+02 3.642647607243754680e-04
7.261200000000000045e+02 3.644450298098486792e-04
7.268790000000000191e+02 3.644373782447027648e-04
7.276390000000000100e+02 3.639933459199362056e-04
7.283980000000000246e+02 3.640575847702919639e-04
7.291570000000000391e+02 3.641349972685033534e-04
7.299160000000000537e+02 3.641979834138669102e-04
7.306749999999999545e+02 3.642065889486189342e-04
7.314339999999999691e+02 3.639837241249268109e-04
7.321929999999999836e+02 3.637909321475094743e-04
7.329519999999999982e+02 3.632968275167347007e-04
7.337110000000000127e+02 3.629554133121509264e-04
7.344690000000000509e+02 3.626219286045512008e-04
7.352279999999999518e+02 3.617867680250185913e-04
7.359859999999999900e+02 3.608569060151493543e-04
7.367450000000000045e+02 3.600254163190335375e-04
7.375030000000000427e+02 3.591554593045785822e-04
7.382619999999999436e+02 3.588125912267588679e-04
7.390199999999999818e+02 3.579246281372759414e-04
7.397780000000000200e+02 3.570905977813581709e-04
7.405359999999999445e+02 3.567745841616811820e-04
7.412939999999999827e+02 3.564998551455743911e-04
7.420520000000000209e+02 3.559914421112053392e-04
7.428089999999999691e+02 3.556621527052204550e-04
7.435670000000000073e+02 3.555917308541117587e-04
7.443250000000000455e+02 3.555660219609486613e-04
7.450819999999999936e+02 3.556908033520440448e-04
7.458400000000000318e+02 3.552198653336038057e-04
7.465969999999999800e+02 3.556878606605833135e-04
7.473540000000000418e+02 3.558561492272769005e-04
7.481119999999999663e+02 3.560309139576972484e-04
7.488690000000000282e+02 3.560434097084462664e-04
7.496259999999999764e+02 3.561878394082008763e-04
7.503830000000000382e+02 3.563398895728244246e-04
7.511399999999999864e+02 3.566905680139382953e-04
7.518970000000000482e+02 3.569895803113848224e-04
7.526530000000000200e+02 3.572097263298124178e-04
7.534099999999999682e+02 3.573132337061117538e-04
7.541670000000000300e+02 3.580232521598756732e-04
7.549230000000000018e+02 3.582775881240467491e-04
7.556799999999999500e+02 3.585593277356991957e-04
7.564360000000000355e+02 3.591344587956289236e-04
7.571920000000000073e+02 3.597530309258721430e-04
7.579479999999999791e+02 3.604925105238411553e-04
7.587039999999999509e+02 3.607411256425191557e-04
7.594600000000000364e+02 3.613501224256858825e-04
7.602160000000000082e+02 3.620768360616195879e-04
7.609719999999999800e+02 3.630037446868313315e-04
7.617279999999999518e+02 3.628328526847838359e-04
7.624840000000000373e+02 3.623049676160903674e-04
7.632390000000000327e+02 3.623132627418509119e-04
7.639950000000000045e+02 3.621926435957991092e-04
7.647500000000000000e+02 3.615800184064049986e-04
7.655059999999999718e+02 3.616398113200741367e-04
7.662609999999999673e+02 3.614450254321487435e-04
7.670159999999999627e+02 3.610760905777952068e-04
7.677709999999999582e+02 3.604349605432151426e-04
7.685270000000000437e+02 3.602901813086534558e-04
7.692820000000000391e+02 3.602590837649696049e-04
7.700359999999999445e+02 3.598360578392753497e-04
7.707910000000000537e+02 3.596474115378489318e-04
7.715460000000000491e+02 3.591491598710437713e-04
7.723010000000000446e+02 3.592091978160801761e-04
7.730549999999999500e+02 3.597662976032442103e-04
7.738099999999999454e+02 3.597778496556551129e-04
7.745639999999999645e+02 3.598399262567061906e-04
7.753189999999999600e+02 3.593788696180562087e-04
7.760729999999999791e+02 3.597931937750060397e-04
7.768269999999999982e+02 3.601372314368988994e-04
7.775810000000000173e+02 3.606126640323328186e-04
7.783350000000000364e+02 3.605185909486599539e-04
7.790890000000000555e+02 3.606953246093765031e-04
7.798429999999999609e+02 3.606207117694444088e-04
7.805969999999999800e+02 3.613289922471417718e-04
7.813500000000000227e+02 3.615421426525875122e-04
7.821040000000000418e+02 3.620248302564074770e-04
7.828579999999999472e+02 3.625288571315744661e-04
7.836109999999999900e+02 3.628459543575729895e-04
7.843650000000000091e+02 3.628955440607578857e-04
7.851180000000000518e+02 3.636495155955193101e-04
7.858709999999999809e+02 3.647113962257552615e-04
7.866240000000000236e+02 3.649993017470964593e-04
7.873769999999999527e+02 3.648486414021070729e-04
7.881299999999999955e+02 3.650714984855668588e-04
7.888830000000000382e+02 3.659161888389660415e-04
7.896359999999999673e+02 3.666769538785024686e-04
7.903890000000000100e+02 3.673111385995687732e-04
7.911409999999999627e+02 3.676592240493443964e-04
7.918940000000000055e+02 3.682954152326427949e-04
7.926459999999999582e+02 3.684057559233685315e-04
7.933990000000000009e+02 3.690844435681507889e-04
7.941509999999999536e+02 3.697143702673657498e-04
7.949039999999999964e+02 3.707658855485283919e-04
7.956559999999999491e+02 3.713070577361372426e-04
7.964080000000000155e+02 3.718350288495147842e-04
7.971599999999999682e+02 3.718978894306283712e-04
7.979120000000000346e+02 3.729386615716520203e-04
7.986639999999999873e+02 3.739007029831570728e-04
7.994149999999999636e+02 3.750624663226472259e-04
8.001670000000000300e+02 3.752177720424091788e-04
8.009189999999999827e+02 3.755170391302268531e-04
8.016699999999999591e+02 3.753838647297750566e-04
8.024220000000000255e+02 3.760563012038774244e-04
8.031730000000000018e+02 3.775878294221005830e-04
8.039249999999999545e+02 3.791222418364933967e-04
8.046760000000000446e+02 3.790180431354410288e-04
8.054270000000000209e+02 3.786764565785974575e-04
8.061779999999999973e+02 3.790925175307518504e-04
8.069289999999999736e+02 3.802790871415816253e-04
8.076799999999999500e+02 3.819253989265155463e-04
8.084310000000000400e+02 3.830434675671813278e-04
8.091810000000000400e+02 3.829085156056423835e-04
8.099320000000000164e+02 3.829093135965243072e-04
8.106829999999999927e+02 3.830848886027609333e-04
8.114329999999999927e+02 3.850713601978332165e-04
8.121839999999999691e+02 3.863599557872242330e-04
8.129339999999999691e+02 3.869752993099016933e-04
8.136839999999999691e+02 3.871467031675180238e-04
8.144339999999999691e+02 3.862278913628260524e-04
8.151849999999999454e+02 3.866084988881058303e-04
8.159349999999999454e+02 3.876890785670900432e-04
8.166849999999999454e+02 3.894008468492411550e-04
8.174339999999999691e+02 3.900193868694142919e-04
8.181839999999999691e+02 3.896625919026665665e-04
8.189339999999999691e+02 3.888345374158944036e-04
8.196829999999999927e+02 3.887650025834013296e-04
8.204329999999999927e+02 3.898353737446062241e-04
8.211829999999999927e+02 3.917009953401611290e-04
8.219320000000000164e+02 3.926233983496168947e-04
8.226810000000000400e+02 3.925354671176344576e-04
8.234299999999999500e+02 3.920039989604139356e-04
8.241799999999999500e+02 3.912054600926610109e-04
8.249289999999999736e+02 3.926174357331906300e-04
8.256779999999999973e+02 3.948994874253374931e-04
8.264270000000000209e+02 3.966369238652234881e-04
8.271749999999999545e+02 3.965402019489751967e-04
8.279239999999999782e+02 3.952094023354778035e-04
8.286730000000000018e+02 3.947154363167482117e-04
8.294210000000000491e+02 3.959468211868658418e-04
8.301699999999999591e+02 3.987593834239917161e-04
8.309180000000000064e+02 4.002781067750887760e-04
8.316670000000000300e+02 4.005521448914000217e-04
8.324149999999999636e+02 3.996248541611833603e-04
8.331630000000000109e+02 3.988275393524443610e-04
8.339109999999999445e+02 3.994853723970871132e-04
8.346589999999999918e+02 4.015278154874614598e-04
8.354070000000000391e+02 4.036077245170398417e-04
8.361549999999999727e+02 4.039741448841858984e-04
8.369030000000000200e+02 4.030417415461246683e-04
8.376509999999999536e+02 4.025841661415552591e-04
8.383980000000000246e+02 4.035805345498845085e-04
8.391459999999999582e+02 4.049981235704316115e-04
8.398930000000000291e+02 4.067697511451838889e-04
8.406409999999999627e+02 4.068215370207893555e-04
8.413880000000000337e+02 4.059885559306037738e-04
8.421349999999999909e+02 4.064872688369437813e-04
8.428819999999999482e+02 4.073432128388512589e-04
8.436290000000000191e+02 4.097574591202944225e-04
8.443759999999999764e+02 4.110909816923201767e-04
8.451230000000000473e+02 4.111584523427429163e-04
8.458700000000000045e+02 4.104257055392686792e-04
8.466169999999999618e+02 4.103131625863483422e-04
8.473630000000000564e+02 4.107718712280792510e-04
8.481100000000000136e+02 4.120763526538708302e-04
8.488569999999999709e+02 4.141960653275309043e-04
8.496029999999999518e+02 4.154521512577301020e-04
8.503490000000000464e+02 4.155524370003563337e-04
8.510960000000000036e+02 4.142302701709986066e-04
8.518419999999999845e+02 4.137321551526596973e-04
8.525879999999999654e+02 4.148145846867646648e-04
8.533339999999999463e+02 4.173606806915015118e-04
8.540800000000000409e+02 4.186234593008209752e-04
8.548260000000000218e+02 4.187449312950708197e-04
8.555710000000000264e+02 4.179675578564438104e-04
8.563170000000000073e+02 4.185845655943015936e-04
8.570629999999999882e+02 4.190536970889343878e-04
8.578079999999999927e+02 4.211556945648372197e-04
8.585539999999999736e+02 4.220520976531536472e-04
8.592989999999999782e+02 4.235823018032371708e-04
8.600449999999999591e+02 4.244320098011672882e-04
8.607899999999999636e+02 4.249294780513132672e-04
8.615349999999999682e+02 4.246182989262074423e-04
8.622799999999999727e+02 4.239367406241657029e-04
8.630249999999999773e+02 4.233856696026244595e-04
8.637699999999999818e+02 4.251683333235084625e-04
8.645149999999999864e+02 4.281304540432886259e-04
8.652590000000000146e+02 4.306298388195584363e-04
8.660040000000000191e+02 4.309967513485616058e-04
8.667490000000000236e+02 4.297791120133279542e-04
8.674930000000000518e+02 4.292357755180899919e-04
8.682380000000000564e+02 4.300459892423413020e-04
8.689819999999999709e+02 4.325776940314930989e-04
8.697259999999999991e+02 4.358400424271462160e-04
8.704700000000000273e+02 4.379844258104948146e-04
8.712140000000000555e+02 4.386578955805043537e-04
8.719579999999999700e+02 4.386446855913493951e-04
8.727019999999999982e+02 4.392860802322448880e-04
8.734460000000000264e+02 4.408309690349438868e-04
8.741900000000000546e+02 4.441109011815063735e-04
8.749339999999999691e+02 4.479722120864168284e-04
8.756770000000000209e+02 4.506107426597825180e-04
8.764210000000000491e+02 4.515928889755470473e-04
8.771639999999999873e+02 4.513242660223006682e-04
8.779080000000000155e+02 4.518132777916237619e-04
8.786509999999999536e+02 4.528153724195421118e-04
8.793940000000000055e+02 4.549114368797945568e-04
8.801369999999999436e+02 4.567008113631861521e-04
8.808799999999999955e+02 4.574927616573859685e-04
8.816230000000000473e+02 4.573469661183994961e-04
8.823659999999999854e+02 4.566152494508629654e-04
8.831090000000000373e+02 4.558375503781482278e-04
8.838519999999999754e+02 4.559967926015700049e-04
8.845950000000000273e+02 4.566879493089760463e-04
8.853369999999999891e+02 4.598029110008170872e-04
8.860800000000000409e+02 4.614505276917472542e-04
8.868220000000000027e+02 4.605690479511705690e-04
8.875639999999999645e+02 4.593798620186015130e-04
8.883070000000000164e+02 4.579831779215409672e-04
8.890489999999999782e+02 4.578073477513933446e-04
8.897910000000000537e+02 4.596956335765014666e-04
8.905330000000000155e+02 4.622620676993238081e-04
8.912749999999999773e+02 4.646117211967500256e-04
8.920170000000000528e+02 4.654718615694949631e-04
8.927590000000000146e+02 4.644370874806843705e-04
8.935000000000000000e+02 4.640894983648147427e-04
8.942419999999999618e+02 4.643356360831160483e-04
8.949829999999999472e+02 4.655795759523572407e-04
8.957250000000000227e+02 4.666253807596721357e-04
8.964660000000000082e+02 4.688777112725224646e-04
8.972079999999999700e+02 4.707438804334364182e-04
8.979489999999999554e+02 4.724668294454423961e-04
8.986900000000000546e+02 4.732061811427015286e-04
8.994310000000000400e+02 4.746154434968369740e-04
9.001720000000000255e+02 4.753692633140457605e-04
9.009130000000000109e+02 4.753231494630347654e-04
9.016539999999999964e+02 4.759222393592513743e-04
9.023940000000000055e+02 4.778154089021169511e-04
9.031349999999999909e+02 4.795365663259007504e-04
9.038759999999999764e+02 4.819222280137466894e-04
9.046159999999999854e+02 4.839146839010741207e-04
9.053569999999999709e+02 4.853457059876449542e-04
9.060969999999999800e+02 4.859560193256377229e-04
9.068369999999999891e+02 4.863080986431377864e-04
9.075769999999999982e+02 4.872757408136740897e-04
9.083170000000000073e+02 4.889950448970510188e-04
9.090570000000000164e+02 4.915902272443736830e-04
9.097970000000000255e+02 4.947759584962402009e-04
9.105370000000000346e+02 4.973257953750744639e-04
9.112770000000000437e+02 4.996477150406751977e-04
9.120170000000000528e+02 5.010552452935475515e-04
9.127559999999999718e+02 5.016812071196656260e-04
9.134959999999999809e+02 5.021888859295900887e-04
9.142350000000000136e+02 5.044585383010216509e-04
9.149750000000000227e+02 5.079946571641989284e-04
9.157140000000000555e+02 5.098453694628788920e-04
9.164529999999999745e+02 5.117733431070713808e-04
9.171920000000000073e+02 5.124939458577929549e-04
9.179310000000000400e+02 5.126514128510117679e-04
9.186699999999999591e+02 5.120183560254707583e-04
9.194089999999999918e+02 5.136666375481941131e-04
9.201480000000000246e+02 5.166994510945151697e-04
9.208869999999999436e+02 5.194825764161673312e-04
9.216250000000000000e+02 5.209490521532032401e-04
9.223640000000000327e+02 5.231914553749502034e-04
9.231019999999999754e+02 5.252810722046143046e-04
9.238410000000000082e+02 5.265767891105354410e-04
9.245789999999999509e+02 5.286188542899906495e-04
9.253170000000000073e+02 5.316905664984457281e-04
9.260560000000000400e+02 5.342330190016668368e-04
9.267939999999999827e+02 5.383302175520395926e-04
9.275320000000000391e+02 5.442091405881018494e-04
9.282699999999999818e+02 5.494241565883959668e-04
9.290080000000000382e+02 5.547581740559456853e-04
9.297450000000000045e+02 5.591454873925268782e-04
9.304829999999999472e+02 5.637930141837119722e-04
9.312210000000000036e+02 5.694850530056312426e-04
9.319579999999999700e+02 5.766929736456370562e-04
9.326960000000000264e+02 5.853113930648059984e-04
9.334329999999999927e+02 5.968003285875382331e-04
9.341699999999999591e+02 6.125217918705621635e-04
9.349070000000000391e+02 6.303853421578662925e-04
9.356449999999999818e+02 6.510751279843001154e-04
9.363819999999999482e+02 6.742664725322361843e-04
9.371190000000000282e+02 6.998818129216943318e-04
9.378550000000000182e+02 7.282897596195347196e-04
9.385919999999999845e+02 7.620375284672608598e-04
9.393289999999999509e+02 7.974674862581624789e-04
9.400660000000000309e+02 8.330935208333861046e-04
9.408020000000000209e+02 8.683604199759988431e-04
9.415389999999999873e+02 8.980271868050835812e-04
9.422749999999999773e+02 9.233551827948992784e-04
9.430109999999999673e+02 9.422325292844735498e-04
9.437480000000000473e+02 9.542930612933884886e-04
9.444840000000000373e+02 9.595770913096742091e-04
9.452200000000000273e+02 9.587192522289640813e-04
9.459560000000000173e+02 9.554358617370994596e-04
9.466920000000000073e+02 9.512960173314517244e-04
9.474279999999999973e+02 9.447586344906853300e-04
9.481630000000000109e+02 9.337758868364443108e-04
9.488990000000000009e+02 9.222397994166558555e-04
9.496349999999999909e+02 9.093711835661429359e-04
9.503700000000000045e+02 8.956817107333141671e-04
9.511059999999999945e+02 8.798409467870855864e-04
9.518410000000000082e+02 8.661667307397536743e-04
9.525760000000000218e+02 8.539980706540845979e-04
9.533120000000000118e+02 8.442308019175827523e-04
9.540470000000000255e+02 8.336125934390593547e-04
9.547820000000000391e+02 8.230037201232633147e-04
9.555170000000000528e+02 8.134129189550336073e-04
9.562519999999999527e+02 8.049284170920398360e-04
9.569859999999999900e+02 7.977138189075310033e-04
9.577210000000000036e+02 7.893701354632407354e-04
9.584560000000000173e+02 7.820187418536124957e-04
9.591900000000000546e+02 7.768958840020496158e-04
9.599249999999999545e+02 7.737750491533315622e-04
9.606589999999999918e+02 7.704949628927069060e-04
9.613940000000000055e+02 7.657100000679715199e-04
9.621280000000000427e+02 7.627275812787090220e-04
9.628619999999999663e+02 7.597549163198500386e-04
9.635960000000000036e+02 7.570819069517254699e-04
9.643300000000000409e+02 7.556104764454534949e-04
9.650639999999999645e+02 7.545973116939610863e-04
9.657980000000000018e+02 7.532037507244872731e-04
9.665320000000000391e+02 7.541459478183979966e-04
9.672649999999999864e+02 7.529608756128399394e-04
9.679990000000000236e+02 7.537902043744930825e-04
9.687319999999999709e+02 7.549358048483924494e-04
9.694660000000000082e+02 7.557932607826566918e-04
9.701989999999999554e+02 7.570639351858974566e-04
9.709320000000000164e+02 7.590628704988433822e-04
9.716660000000000537e+02 7.604507270206891734e-04
9.723990000000000009e+02 7.628173877185511105e-04
9.731319999999999482e+02 7.644868154014981517e-04
9.738650000000000091e+02 7.673746301265526367e-04
9.745979999999999563e+02 7.697179017446788762e-04
9.753300000000000409e+02 7.725505856000681060e-04
9.760629999999999882e+02 7.758861629822967577e-04
9.767960000000000491e+02 7.796403927178917987e-04
9.775280000000000200e+02 7.831851387052492621e-04
9.782609999999999673e+02 7.860107264375554726e-04
9.789930000000000518e+02 7.901096045362608882e-04
9.797250000000000227e+02 7.945646156389528933e-04
9.804579999999999700e+02 7.993357309693488282e-04
9.811900000000000546e+02 8.027826527956118769e-04
9.819220000000000255e+02 8.063316101448844610e-04
9.826539999999999964e+02 8.105500115163833839e-04
9.833859999999999673e+02 8.153783267094427689e-04
9.841180000000000518e+02 8.212925493906377428e-04
9.848490000000000464e+02 8.275490508738230725e-04
9.855810000000000173e+02 8.342210528020403085e-04
9.863129999999999882e+02 8.400002299927864608e-04
9.870439999999999827e+02 8.454413973170676454e-04
9.877759999999999536e+02 8.510968512541618571e-04
9.885069999999999482e+02 8.558509637079307446e-04
9.892380000000000564e+02 8.622914326508748176e-04
9.899690000000000509e+02 8.673412489106096688e-04
9.907010000000000218e+02 8.745168779032081244e-04
9.914320000000000164e+02 8.841827482139370548e-04
9.921630000000000109e+02 8.924628392620562352e-04
9.928930000000000291e+02 9.009010100211945534e-04
9.936240000000000236e+02 9.085637947515490037e-04
9.943550000000000182e+02 9.152262158336322119e-04
9.950860000000000127e+02 9.227456484034439899e-04
9.958160000000000309e+02 9.287790030372398585e-04
9.965470000000000255e+02 9.351358326593376628e-04
9.972770000000000437e+02 9.443074775007504439e-04
9.980069999999999482e+02 9.537352942457822964e-04
9.987369999999999663e+02 9.656364209434065106e-04
9.994679999999999609e+02 9.770735311740270327e-04
1.000197999999999979e+03 9.891933829181604777e-04
1.000927999999999997e+03 9.986225367920090711e-04
1.001658000000000015e+03 1.008751898322011401e-03
1.002386999999999944e+03 1.018655631165199787e-03
1.003116999999999962e+03 1.026874287519754852e-03
1.003846999999999980e+03 1.035251789763499226e-03
1.004576000000000022e+03 1.044596910382233424e-03
1.005306000000000040e+03 1.057353221217200399e-03
1.006034999999999968e+03 1.073168467843396397e-03
1.006764999999999986e+03 1.089963752769927338e-03
1.007494000000000028e+03 1.105795521191785822e-03
1.008222999999999956e+03 1.123537869216383522e-03
1.008951999999999998e+03 1.139364255256591170e-03
1.009681000000000040e+03 1.151741900512681530e-03
1.010409999999999968e+03 1.164083155560378599e-03
1.011139000000000010e+03 1.176598214638552862e-03
1.011868000000000052e+03 1.187824651212831791e-03
1.012596000000000004e+03 1.205001108368803980e-03
1.013325000000000045e+03 1.219782905490848736e-03
1.014053999999999974e+03 1.235188874723117851e-03
1.014782000000000039e+03 1.247301728345883961e-03
1.015509999999999991e+03 1.262098452058507507e-03
1.016239000000000033e+03 1.270799898928130474e-03
1.016966999999999985e+03 1.276728078772542286e-03
1.017695000000000050e+03 1.284397325853708222e-03
1.018423000000000002e+03 1.292140078247270641e-03
1.019150999999999954e+03 1.303134530913454756e-03
1.019879000000000019e+03 1.315048393918130621e-03
1.020606999999999971e+03 1.326752371478581456e-03
1.021335000000000036e+03 1.339560739730763462e-03
1.022062000000000012e+03 1.350225916367054973e-03
1.022789999999999964e+03 1.362898825243838083e-03
1.023517000000000053e+03 1.374566539410571140e-03
1.024244999999999891e+03 1.383922467388370514e-03
1.024971999999999980e+03 1.392819586650829045e-03
1.025699000000000069e+03 1.404633163586311130e-03
1.026426999999999907e+03 1.421593665434427037e-03
1.027153999999999996e+03 1.442837574402286351e-03
1.027881000000000085e+03 1.466742186243603051e-03
1.028607999999999947e+03 1.493376398616861776e-03
1.029334000000000060e+03 1.517451016652837919e-03
1.030060999999999922e+03 1.540969797417950787e-03
1.030788000000000011e+03 1.567466264562505799e-03
1.031513999999999896e+03 1.589066717499819630e-03
1.032240999999999985e+03 1.611578894518008289e-03
1.032967000000000098e+03 1.632558601583132150e-03
1.033693999999999960e+03 1.658626791361530843e-03
1.034420000000000073e+03 1.693042306871004156e-03
1.035145999999999958e+03 1.731734666367569812e-03
1.035872000000000071e+03 1.766962892811364079e-03
1.036598999999999933e+03 1.805592950571432076e-03
1.037324000000000069e+03 1.845424247467697182e-03
1.038049999999999955e+03 1.881777612410011867e-03
1.038776000000000067e+03 1.914704939719975591e-03
1.039501999999999953e+03 1.943240430888623117e-03
1.040228000000000065e+03 1.973862303498459276e-03
1.040952999999999975e+03 2.015066080176384881e-03
1.041679000000000087e+03 2.065648470195801788e-03
1.042403999999999996e+03 2.116451933676508166e-03
1.043128999999999905e+03 2.169508906117031781e-03
1.043855000000000018e+03 2.219418967015523124e-03
1.044579999999999927e+03 2.265411365331604972e-03
1.045305000000000064e+03 2.306107457734452720e-03
1.046029999999999973e+03 2.345987462559930795e-03
1.046755000000000109e+03 2.383793172354463537e-03
1.047480000000000018e+03 2.435568127135352093e-03
1.048203999999999951e+03 2.495821776010943068e-03
1.048929000000000087e+03 2.564550912910286504e-03
1.049653999999999996e+03 2.638006535719682622e-03
1.050377999999999929e+03 2.703573491527238096e-03
1.051103000000000065e+03 2.772483344885213336e-03
1.051826999999999998e+03 2.830283046666997367e-03
1.052550999999999931e+03 2.889660948962161080e-03
1.053275000000000091e+03 2.944190257315683693e-03
1.054000000000000000e+03 3.014812614809437262e-03
1.054723999999999933e+03 3.100687111004978621e-03
1.055448000000000093e+03 3.189408028201330507e-03
1.056171000000000049e+03 3.273010355266306199e-03
1.056894999999999982e+03 3.349933688470957144e-03
1.057618999999999915e+03 3.419132460858315126e-03
1.058343000000000075e+03 3.479726397784897295e-03
1.059066000000000031e+03 3.526130918967721080e-03
1.059789999999999964e+03 3.578128035311753819e-03
1.060512999999999920e+03 3.651770996679626780e-03
1.061236000000000104e+03 3.738647965378551728e-03
1.061960000000000036e+03 3.835630453151045796e-03
1.062682999999999993e+03 3.929749522624851124e-03
1.063405999999999949e+03 4.004389800225361361e-03
1.064128999999999905e+03 4.068376545605510708e-03
1.064852000000000089e+03 4.125752348257142633e-03
1.065575000000000045e+03 4.203406690184379076e-03
1.066297000000000025e+03 4.268122165403547691e-03
1.067019999999999982e+03 4.379083630385288868e-03
1.067742999999999938e+03 4.489399436249958721e-03
1.068464999999999918e+03 4.604642125064084025e-03
1.069188000000000102e+03 4.678575645474331024e-03
1.069910000000000082e+03 4.763289523945364069e-03
1.070632000000000062e+03 4.830205403055070831e-03
1.071354000000000042e+03 4.903356139550343711e-03
1.072076000000000022e+03 5.035578042055782223e-03
1.072798000000000002e+03 5.163348345142976595e-03
1.073519999999999982e+03 5.301187686921497721e-03
1.074241999999999962e+03 5.421960472288951845e-03
1.074963999999999942e+03 5.511062437677280434e-03
1.075685999999999922e+03 5.603992345935782105e-03
1.076406999999999925e+03 5.687124472345232370e-03
1.077128999999999905e+03 5.822007848934901246e-03
1.077849999999999909e+03 5.972749182609304701e-03
1.078571999999999889e+03 6.148606718751027482e-03
1.079292999999999893e+03 6.316292168862524051e-03
1.080013999999999896e+03 6.450574220253221629e-03
1.080734999999999900e+03 6.606084153904023988e-03
1.081457000000000107e+03 6.707544765191052194e-03
1.082178000000000111e+03 6.856232521766581628e-03
1.082897999999999911e+03 7.046239141347917026e-03
1.083618999999999915e+03 7.253553756604960365e-03
1.084339999999999918e+03 7.487778472716894763e-03
1.085060999999999922e+03 7.718747849155793185e-03
1.085780999999999949e+03 7.983333204584231943e-03
1.086501999999999953e+03 8.276617282473856807e-03
1.087221999999999980e+03 8.588166506683748286e-03
1.087942999999999984e+03 2.852199458040213464e+00
1.088663000000000011e+03 -1.969941885307438056e+01
1.089383000000000038e+03 -1.752516147969309301e+01
1.090103000000000065e+03 -2.855139905721803473e+01
